(kicad_pcb (version 20171130) (host pcbnew "(5.0.2)-1")

  (general
    (thickness 1.6)
    (drawings 178)
    (tracks 1505)
    (zones 0)
    (modules 130)
    (nets 97)
  )

  (page A4)
  (layers
    (0 F.Cu signal)
    (31 B.Cu signal)
    (32 B.Adhes user)
    (33 F.Adhes user)
    (34 B.Paste user)
    (35 F.Paste user)
    (36 B.SilkS user)
    (37 F.SilkS user)
    (38 B.Mask user)
    (39 F.Mask user)
    (40 Dwgs.User user)
    (41 Cmts.User user)
    (42 Eco1.User user)
    (43 Eco2.User user)
    (44 Edge.Cuts user)
    (45 Margin user)
    (46 B.CrtYd user)
    (47 F.CrtYd user)
    (48 B.Fab user hide)
    (49 F.Fab user hide)
  )

  (setup
    (last_trace_width 0.25)
    (user_trace_width 0.2)
    (user_trace_width 0.3)
    (user_trace_width 0.4)
    (user_trace_width 0.6)
    (user_trace_width 0.8)
    (user_trace_width 1)
    (user_trace_width 1.27)
    (user_trace_width 2)
    (trace_clearance 0.1999)
    (zone_clearance 0.254)
    (zone_45_only yes)
    (trace_min 0)
    (segment_width 0.2)
    (edge_width 0.15)
    (via_size 0.6)
    (via_drill 0.4)
    (via_min_size 0.4)
    (via_min_drill 0.3)
    (user_via 0.5 0.3)
    (user_via 0.8 0.6)
    (user_via 1 0.8)
    (user_via 1.2 0.8)
    (uvia_size 0.3)
    (uvia_drill 0.1)
    (uvias_allowed no)
    (uvia_min_size 0.2)
    (uvia_min_drill 0.1)
    (pcb_text_width 0.3)
    (pcb_text_size 1.5 1.5)
    (mod_edge_width 0.15)
    (mod_text_size 1 1)
    (mod_text_width 0.15)
    (pad_size 1.524 1.524)
    (pad_drill 0.762)
    (pad_to_mask_clearance 0.2)
    (solder_mask_min_width 0.25)
    (aux_axis_origin 0 0)
    (visible_elements 7FFFFFFF)
    (pcbplotparams
      (layerselection 0x00030_80000001)
      (usegerberextensions false)
      (usegerberattributes false)
      (usegerberadvancedattributes false)
      (creategerberjobfile false)
      (excludeedgelayer true)
      (linewidth 0.100000)
      (plotframeref false)
      (viasonmask false)
      (mode 1)
      (useauxorigin false)
      (hpglpennumber 1)
      (hpglpenspeed 20)
      (hpglpendiameter 15.000000)
      (psnegative false)
      (psa4output false)
      (plotreference true)
      (plotvalue true)
      (plotinvisibletext false)
      (padsonsilk false)
      (subtractmaskfromsilk false)
      (outputformat 1)
      (mirror false)
      (drillshape 1)
      (scaleselection 1)
      (outputdirectory ""))
  )

  (net 0 "")
  (net 1 GND)
  (net 2 +5V)
  (net 3 /MCU/PB5)
  (net 4 /MCU/PC13)
  (net 5 +12V)
  (net 6 "Net-(C6-Pad1)")
  (net 7 +3V3)
  (net 8 NRST)
  (net 9 /MCU/ADC_IN9)
  (net 10 /MCU/ADC_IN8)
  (net 11 /MCU/ADC_IN3)
  (net 12 /IN_Di/DI2_LPF)
  (net 13 /IN_Di/DI1_LPF)
  (net 14 "Net-(D1-Pad2)")
  (net 15 "Net-(D9-Pad2)")
  (net 16 /RS485-TTL/TTL_DATA)
  (net 17 "Net-(F1-Pad2)")
  (net 18 /MCU/USART1_RX)
  (net 19 /MCU/USART1_TX)
  (net 20 /MCU/I2C1_SCL)
  (net 21 /MCU/I2C1_SDA)
  (net 22 /RS485-TTL/RS485_A)
  (net 23 /RS485-TTL/RS485_B)
  (net 24 /CAN/CAN_H)
  (net 25 /CAN/CAN_L)
  (net 26 /JTAG/SWDIO-TMS)
  (net 27 /JTAG/SWCLK-TCK)
  (net 28 /JTAG/SWO-TDO)
  (net 29 /MCU/SYS_JTDI)
  (net 30 /SSI/MOSI)
  (net 31 /SSI/DATA_MISO)
  (net 32 /SSI/SCK)
  (net 33 /SSI/NSS)
  (net 34 /MCU/PB2)
  (net 35 /MCU/PB12)
  (net 36 /MCU/PB13)
  (net 37 /MCU/PC14)
  (net 38 /MCU/PC15)
  (net 39 /USB/D+)
  (net 40 /USB/D-)
  (net 41 "Net-(R18-Pad1)")
  (net 42 /ENCODER/A)
  (net 43 /ENCODER/B)
  (net 44 /ENCODER/I)
  (net 45 /RS485-TTL/DI)
  (net 46 /RS485-TTL/RO)
  (net 47 /MCU/USART3_RTS)
  (net 48 /MCU/CAN_RX)
  (net 49 /MCU/CAN_TX)
  (net 50 "Net-(D10-Pad2)")
  (net 51 "Net-(J12-Pad1)")
  (net 52 "Net-(R12-Pad1)")
  (net 53 "Net-(R13-Pad1)")
  (net 54 "Net-(R14-Pad2)")
  (net 55 "Net-(R15-Pad2)")
  (net 56 "Net-(D1-Pad4)")
  (net 57 "Net-(D6-Pad2)")
  (net 58 "Net-(D6-Pad4)")
  (net 59 "Net-(D3-Pad1)")
  (net 60 "Net-(D4-Pad1)")
  (net 61 "Net-(C17-Pad2)")
  (net 62 "Net-(D2-Pad2)")
  (net 63 "Net-(D5-Pad1)")
  (net 64 "Net-(J2-Pad6)")
  (net 65 "Net-(J10-Pad1)")
  (net 66 "Net-(C9-Pad1)")
  (net 67 "Net-(C10-Pad1)")
  (net 68 "Net-(C29-Pad1)")
  (net 69 "Net-(C30-Pad1)")
  (net 70 "Net-(C31-Pad1)")
  (net 71 "Net-(C32-Pad1)")
  (net 72 "Net-(C33-Pad1)")
  (net 73 "Net-(C34-Pad1)")
  (net 74 "Net-(D8-Pad2)")
  (net 75 /USB/USB_-)
  (net 76 /USB/USB_+)
  (net 77 "Net-(J11-Pad4)")
  (net 78 "Net-(J13-Pad2)")
  (net 79 "Net-(J14-Pad3)")
  (net 80 "Net-(J15-Pad3)")
  (net 81 "Net-(J16-Pad3)")
  (net 82 "Net-(J17-Pad5)")
  (net 83 "Net-(J17-Pad6)")
  (net 84 "Net-(J17-Pad7)")
  (net 85 "Net-(J17-Pad8)")
  (net 86 "Net-(J17-Pad9)")
  (net 87 "Net-(J17-Pad10)")
  (net 88 "Net-(J18-Pad3)")
  (net 89 "Net-(J19-Pad3)")
  (net 90 "Net-(Q1-Pad1)")
  (net 91 "Net-(Q1-Pad2)")
  (net 92 "Net-(R20-Pad2)")
  (net 93 "Net-(R21-Pad2)")
  (net 94 "Net-(R24-Pad1)")
  (net 95 /USB_EN)
  (net 96 "Net-(J3-Pad1)")

  (net_class Default "これは標準のネット クラスです。"
    (clearance 0.1999)
    (trace_width 0.25)
    (via_dia 0.6)
    (via_drill 0.4)
    (uvia_dia 0.3)
    (uvia_drill 0.1)
    (add_net +12V)
    (add_net +3V3)
    (add_net +5V)
    (add_net /CAN/CAN_H)
    (add_net /CAN/CAN_L)
    (add_net /ENCODER/A)
    (add_net /ENCODER/B)
    (add_net /ENCODER/I)
    (add_net /IN_Di/DI1_LPF)
    (add_net /IN_Di/DI2_LPF)
    (add_net /JTAG/SWCLK-TCK)
    (add_net /JTAG/SWDIO-TMS)
    (add_net /JTAG/SWO-TDO)
    (add_net /MCU/ADC_IN3)
    (add_net /MCU/ADC_IN8)
    (add_net /MCU/ADC_IN9)
    (add_net /MCU/CAN_RX)
    (add_net /MCU/CAN_TX)
    (add_net /MCU/I2C1_SCL)
    (add_net /MCU/I2C1_SDA)
    (add_net /MCU/PB12)
    (add_net /MCU/PB13)
    (add_net /MCU/PB2)
    (add_net /MCU/PB5)
    (add_net /MCU/PC13)
    (add_net /MCU/PC14)
    (add_net /MCU/PC15)
    (add_net /MCU/SYS_JTDI)
    (add_net /MCU/USART1_RX)
    (add_net /MCU/USART1_TX)
    (add_net /MCU/USART3_RTS)
    (add_net /RS485-TTL/DI)
    (add_net /RS485-TTL/RO)
    (add_net /RS485-TTL/RS485_A)
    (add_net /RS485-TTL/RS485_B)
    (add_net /RS485-TTL/TTL_DATA)
    (add_net /SSI/DATA_MISO)
    (add_net /SSI/MOSI)
    (add_net /SSI/NSS)
    (add_net /SSI/SCK)
    (add_net /USB/D+)
    (add_net /USB/D-)
    (add_net /USB/USB_+)
    (add_net /USB/USB_-)
    (add_net /USB_EN)
    (add_net GND)
    (add_net NRST)
    (add_net "Net-(C10-Pad1)")
    (add_net "Net-(C17-Pad2)")
    (add_net "Net-(C29-Pad1)")
    (add_net "Net-(C30-Pad1)")
    (add_net "Net-(C31-Pad1)")
    (add_net "Net-(C32-Pad1)")
    (add_net "Net-(C33-Pad1)")
    (add_net "Net-(C34-Pad1)")
    (add_net "Net-(C6-Pad1)")
    (add_net "Net-(C9-Pad1)")
    (add_net "Net-(D1-Pad2)")
    (add_net "Net-(D1-Pad4)")
    (add_net "Net-(D10-Pad2)")
    (add_net "Net-(D2-Pad2)")
    (add_net "Net-(D3-Pad1)")
    (add_net "Net-(D4-Pad1)")
    (add_net "Net-(D5-Pad1)")
    (add_net "Net-(D6-Pad2)")
    (add_net "Net-(D6-Pad4)")
    (add_net "Net-(D8-Pad2)")
    (add_net "Net-(D9-Pad2)")
    (add_net "Net-(F1-Pad2)")
    (add_net "Net-(J10-Pad1)")
    (add_net "Net-(J11-Pad4)")
    (add_net "Net-(J12-Pad1)")
    (add_net "Net-(J13-Pad2)")
    (add_net "Net-(J14-Pad3)")
    (add_net "Net-(J15-Pad3)")
    (add_net "Net-(J16-Pad3)")
    (add_net "Net-(J17-Pad10)")
    (add_net "Net-(J17-Pad5)")
    (add_net "Net-(J17-Pad6)")
    (add_net "Net-(J17-Pad7)")
    (add_net "Net-(J17-Pad8)")
    (add_net "Net-(J17-Pad9)")
    (add_net "Net-(J18-Pad3)")
    (add_net "Net-(J19-Pad3)")
    (add_net "Net-(J2-Pad6)")
    (add_net "Net-(J3-Pad1)")
    (add_net "Net-(Q1-Pad1)")
    (add_net "Net-(Q1-Pad2)")
    (add_net "Net-(R12-Pad1)")
    (add_net "Net-(R13-Pad1)")
    (add_net "Net-(R14-Pad2)")
    (add_net "Net-(R15-Pad2)")
    (add_net "Net-(R18-Pad1)")
    (add_net "Net-(R20-Pad2)")
    (add_net "Net-(R21-Pad2)")
    (add_net "Net-(R24-Pad1)")
  )

  (module Connector_PinHeader_1.27mm:PinHeader_2x05_P1.27mm_Vertical_SMD (layer F.Cu) (tedit 59FED6E3) (tstamp 5C7C4D84)
    (at 76.16 112.3 270)
    (descr "surface-mounted straight pin header, 2x05, 1.27mm pitch, double rows")
    (tags "Surface mounted pin header SMD 2x05 1.27mm double row")
    (path /5AFBC800/5C6FD4C2)
    (attr smd)
    (fp_text reference J9 (at 0 3.96 270) (layer F.SilkS)
      (effects (font (size 1 1) (thickness 0.15)))
    )
    (fp_text value Conn_02x05_Odd_Even (at 0 4.235 270) (layer F.Fab)
      (effects (font (size 1 1) (thickness 0.15)))
    )
    (fp_line (start 1.705 3.175) (end -1.705 3.175) (layer F.Fab) (width 0.1))
    (fp_line (start -1.27 -3.175) (end 1.705 -3.175) (layer F.Fab) (width 0.1))
    (fp_line (start -1.705 3.175) (end -1.705 -2.74) (layer F.Fab) (width 0.1))
    (fp_line (start -1.705 -2.74) (end -1.27 -3.175) (layer F.Fab) (width 0.1))
    (fp_line (start 1.705 -3.175) (end 1.705 3.175) (layer F.Fab) (width 0.1))
    (fp_line (start -1.705 -2.74) (end -2.75 -2.74) (layer F.Fab) (width 0.1))
    (fp_line (start -2.75 -2.74) (end -2.75 -2.34) (layer F.Fab) (width 0.1))
    (fp_line (start -2.75 -2.34) (end -1.705 -2.34) (layer F.Fab) (width 0.1))
    (fp_line (start 1.705 -2.74) (end 2.75 -2.74) (layer F.Fab) (width 0.1))
    (fp_line (start 2.75 -2.74) (end 2.75 -2.34) (layer F.Fab) (width 0.1))
    (fp_line (start 2.75 -2.34) (end 1.705 -2.34) (layer F.Fab) (width 0.1))
    (fp_line (start -1.705 -1.47) (end -2.75 -1.47) (layer F.Fab) (width 0.1))
    (fp_line (start -2.75 -1.47) (end -2.75 -1.07) (layer F.Fab) (width 0.1))
    (fp_line (start -2.75 -1.07) (end -1.705 -1.07) (layer F.Fab) (width 0.1))
    (fp_line (start 1.705 -1.47) (end 2.75 -1.47) (layer F.Fab) (width 0.1))
    (fp_line (start 2.75 -1.47) (end 2.75 -1.07) (layer F.Fab) (width 0.1))
    (fp_line (start 2.75 -1.07) (end 1.705 -1.07) (layer F.Fab) (width 0.1))
    (fp_line (start -1.705 -0.2) (end -2.75 -0.2) (layer F.Fab) (width 0.1))
    (fp_line (start -2.75 -0.2) (end -2.75 0.2) (layer F.Fab) (width 0.1))
    (fp_line (start -2.75 0.2) (end -1.705 0.2) (layer F.Fab) (width 0.1))
    (fp_line (start 1.705 -0.2) (end 2.75 -0.2) (layer F.Fab) (width 0.1))
    (fp_line (start 2.75 -0.2) (end 2.75 0.2) (layer F.Fab) (width 0.1))
    (fp_line (start 2.75 0.2) (end 1.705 0.2) (layer F.Fab) (width 0.1))
    (fp_line (start -1.705 1.07) (end -2.75 1.07) (layer F.Fab) (width 0.1))
    (fp_line (start -2.75 1.07) (end -2.75 1.47) (layer F.Fab) (width 0.1))
    (fp_line (start -2.75 1.47) (end -1.705 1.47) (layer F.Fab) (width 0.1))
    (fp_line (start 1.705 1.07) (end 2.75 1.07) (layer F.Fab) (width 0.1))
    (fp_line (start 2.75 1.07) (end 2.75 1.47) (layer F.Fab) (width 0.1))
    (fp_line (start 2.75 1.47) (end 1.705 1.47) (layer F.Fab) (width 0.1))
    (fp_line (start -1.705 2.34) (end -2.75 2.34) (layer F.Fab) (width 0.1))
    (fp_line (start -2.75 2.34) (end -2.75 2.74) (layer F.Fab) (width 0.1))
    (fp_line (start -2.75 2.74) (end -1.705 2.74) (layer F.Fab) (width 0.1))
    (fp_line (start 1.705 2.34) (end 2.75 2.34) (layer F.Fab) (width 0.1))
    (fp_line (start 2.75 2.34) (end 2.75 2.74) (layer F.Fab) (width 0.1))
    (fp_line (start 2.75 2.74) (end 1.705 2.74) (layer F.Fab) (width 0.1))
    (fp_line (start -1.765 -3.235) (end 1.765 -3.235) (layer F.SilkS) (width 0.12))
    (fp_line (start -1.765 3.235) (end 1.765 3.235) (layer F.SilkS) (width 0.12))
    (fp_line (start -3.09 -3.17) (end -1.765 -3.17) (layer F.SilkS) (width 0.12))
    (fp_line (start -1.765 -3.235) (end -1.765 -3.17) (layer F.SilkS) (width 0.12))
    (fp_line (start 1.765 -3.235) (end 1.765 -3.17) (layer F.SilkS) (width 0.12))
    (fp_line (start -1.765 3.17) (end -1.765 3.235) (layer F.SilkS) (width 0.12))
    (fp_line (start 1.765 3.17) (end 1.765 3.235) (layer F.SilkS) (width 0.12))
    (fp_line (start -4.3 -3.7) (end -4.3 3.7) (layer F.CrtYd) (width 0.05))
    (fp_line (start -4.3 3.7) (end 4.3 3.7) (layer F.CrtYd) (width 0.05))
    (fp_line (start 4.3 3.7) (end 4.3 -3.7) (layer F.CrtYd) (width 0.05))
    (fp_line (start 4.3 -3.7) (end -4.3 -3.7) (layer F.CrtYd) (width 0.05))
    (fp_text user %R (at 0 0) (layer F.Fab)
      (effects (font (size 1 1) (thickness 0.15)))
    )
    (pad 1 smd rect (at -1.95 -2.54 270) (size 2.4 0.74) (layers F.Cu F.Paste F.Mask)
      (net 7 +3V3))
    (pad 2 smd rect (at 1.95 -2.54 270) (size 2.4 0.74) (layers F.Cu F.Paste F.Mask)
      (net 26 /JTAG/SWDIO-TMS))
    (pad 3 smd rect (at -1.95 -1.27 270) (size 2.4 0.74) (layers F.Cu F.Paste F.Mask)
      (net 1 GND))
    (pad 4 smd rect (at 1.95 -1.27 270) (size 2.4 0.74) (layers F.Cu F.Paste F.Mask)
      (net 27 /JTAG/SWCLK-TCK))
    (pad 5 smd rect (at -1.95 0 270) (size 2.4 0.74) (layers F.Cu F.Paste F.Mask)
      (net 1 GND))
    (pad 6 smd rect (at 1.95 0 270) (size 2.4 0.74) (layers F.Cu F.Paste F.Mask)
      (net 28 /JTAG/SWO-TDO))
    (pad 7 smd rect (at -1.95 1.27 270) (size 2.4 0.74) (layers F.Cu F.Paste F.Mask))
    (pad 8 smd rect (at 1.95 1.27 270) (size 2.4 0.74) (layers F.Cu F.Paste F.Mask)
      (net 29 /MCU/SYS_JTDI))
    (pad 9 smd rect (at -1.95 2.54 270) (size 2.4 0.74) (layers F.Cu F.Paste F.Mask)
      (net 1 GND))
    (pad 10 smd rect (at 1.95 2.54 270) (size 2.4 0.74) (layers F.Cu F.Paste F.Mask)
      (net 8 NRST))
    (model ${KISYS3DMOD}/Connector_PinHeader_1.27mm.3dshapes/PinHeader_2x05_P1.27mm_Vertical_SMD.wrl
      (at (xyz 0 0 0))
      (scale (xyz 1 1 1))
      (rotate (xyz 0 0 0))
    )
  )

  (module Package_TO_SOT_SMD:SOT-223-3_TabPin2 (layer B.Cu) (tedit 5A02FF57) (tstamp 5C6EE42B)
    (at 85.7 94.6 180)
    (descr "module CMS SOT223 4 pins")
    (tags "CMS SOT")
    (path /5C71FBB3)
    (attr smd)
    (fp_text reference U2 (at 0 0 180) (layer B.SilkS)
      (effects (font (size 1 1) (thickness 0.15)) (justify mirror))
    )
    (fp_text value AP1117-33 (at 0 -4.5 180) (layer B.Fab)
      (effects (font (size 1 1) (thickness 0.15)) (justify mirror))
    )
    (fp_text user %R (at 0 0 90) (layer B.Fab)
      (effects (font (size 0.8 0.8) (thickness 0.12)) (justify mirror))
    )
    (fp_line (start 1.91 -3.41) (end 1.91 -2.15) (layer B.SilkS) (width 0.12))
    (fp_line (start 1.91 3.41) (end 1.91 2.15) (layer B.SilkS) (width 0.12))
    (fp_line (start 4.4 3.6) (end -4.4 3.6) (layer B.CrtYd) (width 0.05))
    (fp_line (start 4.4 -3.6) (end 4.4 3.6) (layer B.CrtYd) (width 0.05))
    (fp_line (start -4.4 -3.6) (end 4.4 -3.6) (layer B.CrtYd) (width 0.05))
    (fp_line (start -4.4 3.6) (end -4.4 -3.6) (layer B.CrtYd) (width 0.05))
    (fp_line (start -1.85 2.35) (end -0.85 3.35) (layer B.Fab) (width 0.1))
    (fp_line (start -1.85 2.35) (end -1.85 -3.35) (layer B.Fab) (width 0.1))
    (fp_line (start -1.85 -3.41) (end 1.91 -3.41) (layer B.SilkS) (width 0.12))
    (fp_line (start -0.85 3.35) (end 1.85 3.35) (layer B.Fab) (width 0.1))
    (fp_line (start -4.1 3.41) (end 1.91 3.41) (layer B.SilkS) (width 0.12))
    (fp_line (start -1.85 -3.35) (end 1.85 -3.35) (layer B.Fab) (width 0.1))
    (fp_line (start 1.85 3.35) (end 1.85 -3.35) (layer B.Fab) (width 0.1))
    (pad 2 smd rect (at 3.15 0 180) (size 2 3.8) (layers B.Cu B.Paste B.Mask)
      (net 7 +3V3))
    (pad 2 smd rect (at -3.15 0 180) (size 2 1.5) (layers B.Cu B.Paste B.Mask)
      (net 7 +3V3))
    (pad 3 smd rect (at -3.15 -2.3 180) (size 2 1.5) (layers B.Cu B.Paste B.Mask)
      (net 2 +5V))
    (pad 1 smd rect (at -3.15 2.3 180) (size 2 1.5) (layers B.Cu B.Paste B.Mask)
      (net 1 GND))
    (model ${KISYS3DMOD}/Package_TO_SOT_SMD.3dshapes/SOT-223.wrl
      (at (xyz 0 0 0))
      (scale (xyz 1 1 1))
      (rotate (xyz 0 0 0))
    )
  )

  (module Resistor_SMD:R_Array_Concave_4x0603 (layer F.Cu) (tedit 58E0A85E) (tstamp 5C6EE292)
    (at 72.9 131.7 180)
    (descr "Thick Film Chip Resistor Array, Wave soldering, Vishay CRA06P (see cra06p.pdf)")
    (tags "resistor array")
    (path /5B035554/5C6F4831)
    (attr smd)
    (fp_text reference RN1 (at 0 2.4 180) (layer F.SilkS)
      (effects (font (size 1 1) (thickness 0.15)))
    )
    (fp_text value R_Pack04 (at 0 2.6 180) (layer F.Fab)
      (effects (font (size 1 1) (thickness 0.15)))
    )
    (fp_text user %R (at 0 0 270) (layer F.Fab)
      (effects (font (size 0.5 0.5) (thickness 0.075)))
    )
    (fp_line (start -0.8 -1.6) (end 0.8 -1.6) (layer F.Fab) (width 0.1))
    (fp_line (start 0.8 -1.6) (end 0.8 1.6) (layer F.Fab) (width 0.1))
    (fp_line (start 0.8 1.6) (end -0.8 1.6) (layer F.Fab) (width 0.1))
    (fp_line (start -0.8 1.6) (end -0.8 -1.6) (layer F.Fab) (width 0.1))
    (fp_line (start 0.4 1.72) (end -0.4 1.72) (layer F.SilkS) (width 0.12))
    (fp_line (start 0.4 -1.72) (end -0.4 -1.72) (layer F.SilkS) (width 0.12))
    (fp_line (start -1.55 -1.88) (end 1.55 -1.88) (layer F.CrtYd) (width 0.05))
    (fp_line (start -1.55 -1.88) (end -1.55 1.87) (layer F.CrtYd) (width 0.05))
    (fp_line (start 1.55 1.87) (end 1.55 -1.88) (layer F.CrtYd) (width 0.05))
    (fp_line (start 1.55 1.87) (end -1.55 1.87) (layer F.CrtYd) (width 0.05))
    (pad 2 smd rect (at -0.85 -0.4 180) (size 0.9 0.4) (layers F.Cu F.Paste F.Mask)
      (net 10 /MCU/ADC_IN8))
    (pad 3 smd rect (at -0.85 0.4 180) (size 0.9 0.4) (layers F.Cu F.Paste F.Mask)
      (net 9 /MCU/ADC_IN9))
    (pad 1 smd rect (at -0.85 -1.2 180) (size 0.9 0.4) (layers F.Cu F.Paste F.Mask)
      (net 11 /MCU/ADC_IN3))
    (pad 4 smd rect (at -0.85 1.2 180) (size 0.9 0.4) (layers F.Cu F.Paste F.Mask))
    (pad 8 smd rect (at 0.85 -1.2 180) (size 0.9 0.4) (layers F.Cu F.Paste F.Mask)
      (net 79 "Net-(J14-Pad3)"))
    (pad 7 smd rect (at 0.85 -0.4 180) (size 0.9 0.4) (layers F.Cu F.Paste F.Mask)
      (net 80 "Net-(J15-Pad3)"))
    (pad 6 smd rect (at 0.85 0.4 180) (size 0.9 0.4) (layers F.Cu F.Paste F.Mask)
      (net 81 "Net-(J16-Pad3)"))
    (pad 5 smd rect (at 0.85 1.2 180) (size 0.9 0.4) (layers F.Cu F.Paste F.Mask))
    (model ${KISYS3DMOD}/Resistor_SMD.3dshapes/R_Array_Concave_4x0603.wrl
      (at (xyz 0 0 0))
      (scale (xyz 1 1 1))
      (rotate (xyz 0 0 0))
    )
  )

  (module Capacitor_SMD:C_0603_1608Metric (layer B.Cu) (tedit 5B301BBE) (tstamp 5C6ED961)
    (at 71.1 95.4 180)
    (descr "Capacitor SMD 0603 (1608 Metric), square (rectangular) end terminal, IPC_7351 nominal, (Body size source: http://www.tortai-tech.com/upload/download/2011102023233369053.pdf), generated with kicad-footprint-generator")
    (tags capacitor)
    (path /5C714DFD)
    (attr smd)
    (fp_text reference C1 (at -2.4 0 180) (layer B.SilkS)
      (effects (font (size 1 1) (thickness 0.15)) (justify mirror))
    )
    (fp_text value 0.1u (at 0 -1.43 180) (layer B.Fab)
      (effects (font (size 1 1) (thickness 0.15)) (justify mirror))
    )
    (fp_line (start -0.8 -0.4) (end -0.8 0.4) (layer B.Fab) (width 0.1))
    (fp_line (start -0.8 0.4) (end 0.8 0.4) (layer B.Fab) (width 0.1))
    (fp_line (start 0.8 0.4) (end 0.8 -0.4) (layer B.Fab) (width 0.1))
    (fp_line (start 0.8 -0.4) (end -0.8 -0.4) (layer B.Fab) (width 0.1))
    (fp_line (start -0.162779 0.51) (end 0.162779 0.51) (layer B.SilkS) (width 0.12))
    (fp_line (start -0.162779 -0.51) (end 0.162779 -0.51) (layer B.SilkS) (width 0.12))
    (fp_line (start -1.48 -0.73) (end -1.48 0.73) (layer B.CrtYd) (width 0.05))
    (fp_line (start -1.48 0.73) (end 1.48 0.73) (layer B.CrtYd) (width 0.05))
    (fp_line (start 1.48 0.73) (end 1.48 -0.73) (layer B.CrtYd) (width 0.05))
    (fp_line (start 1.48 -0.73) (end -1.48 -0.73) (layer B.CrtYd) (width 0.05))
    (fp_text user %R (at 0 0 180) (layer B.Fab)
      (effects (font (size 0.4 0.4) (thickness 0.06)) (justify mirror))
    )
    (pad 1 smd roundrect (at -0.7875 0 180) (size 0.875 0.95) (layers B.Cu B.Paste B.Mask) (roundrect_rratio 0.25)
      (net 2 +5V))
    (pad 2 smd roundrect (at 0.7875 0 180) (size 0.875 0.95) (layers B.Cu B.Paste B.Mask) (roundrect_rratio 0.25)
      (net 1 GND))
    (model ${KISYS3DMOD}/Capacitor_SMD.3dshapes/C_0603_1608Metric.wrl
      (at (xyz 0 0 0))
      (scale (xyz 1 1 1))
      (rotate (xyz 0 0 0))
    )
  )

  (module Capacitor_SMD:C_0603_1608Metric (layer B.Cu) (tedit 5B301BBE) (tstamp 5C80A445)
    (at 99.1 124.4 180)
    (descr "Capacitor SMD 0603 (1608 Metric), square (rectangular) end terminal, IPC_7351 nominal, (Body size source: http://www.tortai-tech.com/upload/download/2011102023233369053.pdf), generated with kicad-footprint-generator")
    (tags capacitor)
    (path /5C725E77)
    (attr smd)
    (fp_text reference C2 (at -3.5 3.4 180) (layer B.SilkS)
      (effects (font (size 1 1) (thickness 0.15)) (justify mirror))
    )
    (fp_text value C (at 0 -1.43 180) (layer B.Fab)
      (effects (font (size 1 1) (thickness 0.15)) (justify mirror))
    )
    (fp_text user %R (at 0 0 180) (layer B.Fab)
      (effects (font (size 0.4 0.4) (thickness 0.06)) (justify mirror))
    )
    (fp_line (start 1.48 -0.73) (end -1.48 -0.73) (layer B.CrtYd) (width 0.05))
    (fp_line (start 1.48 0.73) (end 1.48 -0.73) (layer B.CrtYd) (width 0.05))
    (fp_line (start -1.48 0.73) (end 1.48 0.73) (layer B.CrtYd) (width 0.05))
    (fp_line (start -1.48 -0.73) (end -1.48 0.73) (layer B.CrtYd) (width 0.05))
    (fp_line (start -0.162779 -0.51) (end 0.162779 -0.51) (layer B.SilkS) (width 0.12))
    (fp_line (start -0.162779 0.51) (end 0.162779 0.51) (layer B.SilkS) (width 0.12))
    (fp_line (start 0.8 -0.4) (end -0.8 -0.4) (layer B.Fab) (width 0.1))
    (fp_line (start 0.8 0.4) (end 0.8 -0.4) (layer B.Fab) (width 0.1))
    (fp_line (start -0.8 0.4) (end 0.8 0.4) (layer B.Fab) (width 0.1))
    (fp_line (start -0.8 -0.4) (end -0.8 0.4) (layer B.Fab) (width 0.1))
    (pad 2 smd roundrect (at 0.7875 0 180) (size 0.875 0.95) (layers B.Cu B.Paste B.Mask) (roundrect_rratio 0.25)
      (net 38 /MCU/PC15))
    (pad 1 smd roundrect (at -0.7875 0 180) (size 0.875 0.95) (layers B.Cu B.Paste B.Mask) (roundrect_rratio 0.25)
      (net 1 GND))
    (model ${KISYS3DMOD}/Capacitor_SMD.3dshapes/C_0603_1608Metric.wrl
      (at (xyz 0 0 0))
      (scale (xyz 1 1 1))
      (rotate (xyz 0 0 0))
    )
  )

  (module Capacitor_SMD:C_0603_1608Metric (layer B.Cu) (tedit 5B301BBE) (tstamp 5C6ED983)
    (at 99.1 121.6 180)
    (descr "Capacitor SMD 0603 (1608 Metric), square (rectangular) end terminal, IPC_7351 nominal, (Body size source: http://www.tortai-tech.com/upload/download/2011102023233369053.pdf), generated with kicad-footprint-generator")
    (tags capacitor)
    (path /5C725F3F)
    (attr smd)
    (fp_text reference C3 (at -3.5 3.2 180) (layer B.SilkS)
      (effects (font (size 1 1) (thickness 0.15)) (justify mirror))
    )
    (fp_text value C (at 0 -1.43 180) (layer B.Fab)
      (effects (font (size 1 1) (thickness 0.15)) (justify mirror))
    )
    (fp_line (start -0.8 -0.4) (end -0.8 0.4) (layer B.Fab) (width 0.1))
    (fp_line (start -0.8 0.4) (end 0.8 0.4) (layer B.Fab) (width 0.1))
    (fp_line (start 0.8 0.4) (end 0.8 -0.4) (layer B.Fab) (width 0.1))
    (fp_line (start 0.8 -0.4) (end -0.8 -0.4) (layer B.Fab) (width 0.1))
    (fp_line (start -0.162779 0.51) (end 0.162779 0.51) (layer B.SilkS) (width 0.12))
    (fp_line (start -0.162779 -0.51) (end 0.162779 -0.51) (layer B.SilkS) (width 0.12))
    (fp_line (start -1.48 -0.73) (end -1.48 0.73) (layer B.CrtYd) (width 0.05))
    (fp_line (start -1.48 0.73) (end 1.48 0.73) (layer B.CrtYd) (width 0.05))
    (fp_line (start 1.48 0.73) (end 1.48 -0.73) (layer B.CrtYd) (width 0.05))
    (fp_line (start 1.48 -0.73) (end -1.48 -0.73) (layer B.CrtYd) (width 0.05))
    (fp_text user %R (at 0 0 180) (layer B.Fab)
      (effects (font (size 0.4 0.4) (thickness 0.06)) (justify mirror))
    )
    (pad 1 smd roundrect (at -0.7875 0 180) (size 0.875 0.95) (layers B.Cu B.Paste B.Mask) (roundrect_rratio 0.25)
      (net 1 GND))
    (pad 2 smd roundrect (at 0.7875 0 180) (size 0.875 0.95) (layers B.Cu B.Paste B.Mask) (roundrect_rratio 0.25)
      (net 37 /MCU/PC14))
    (model ${KISYS3DMOD}/Capacitor_SMD.3dshapes/C_0603_1608Metric.wrl
      (at (xyz 0 0 0))
      (scale (xyz 1 1 1))
      (rotate (xyz 0 0 0))
    )
  )

  (module Capacitor_SMD:C_1206_3216Metric (layer B.Cu) (tedit 5B301BBE) (tstamp 5C80B561)
    (at 86.3 85.2)
    (descr "Capacitor SMD 1206 (3216 Metric), square (rectangular) end terminal, IPC_7351 nominal, (Body size source: http://www.tortai-tech.com/upload/download/2011102023233369053.pdf), generated with kicad-footprint-generator")
    (tags capacitor)
    (path /5C7201F6)
    (attr smd)
    (fp_text reference C4 (at 3.3 0) (layer B.SilkS)
      (effects (font (size 1 1) (thickness 0.15)) (justify mirror))
    )
    (fp_text value C (at 0 -1.82) (layer B.Fab)
      (effects (font (size 1 1) (thickness 0.15)) (justify mirror))
    )
    (fp_line (start -1.6 -0.8) (end -1.6 0.8) (layer B.Fab) (width 0.1))
    (fp_line (start -1.6 0.8) (end 1.6 0.8) (layer B.Fab) (width 0.1))
    (fp_line (start 1.6 0.8) (end 1.6 -0.8) (layer B.Fab) (width 0.1))
    (fp_line (start 1.6 -0.8) (end -1.6 -0.8) (layer B.Fab) (width 0.1))
    (fp_line (start -0.602064 0.91) (end 0.602064 0.91) (layer B.SilkS) (width 0.12))
    (fp_line (start -0.602064 -0.91) (end 0.602064 -0.91) (layer B.SilkS) (width 0.12))
    (fp_line (start -2.28 -1.12) (end -2.28 1.12) (layer B.CrtYd) (width 0.05))
    (fp_line (start -2.28 1.12) (end 2.28 1.12) (layer B.CrtYd) (width 0.05))
    (fp_line (start 2.28 1.12) (end 2.28 -1.12) (layer B.CrtYd) (width 0.05))
    (fp_line (start 2.28 -1.12) (end -2.28 -1.12) (layer B.CrtYd) (width 0.05))
    (fp_text user %R (at 0 0) (layer B.Fab)
      (effects (font (size 0.8 0.8) (thickness 0.12)) (justify mirror))
    )
    (pad 1 smd roundrect (at -1.4 0) (size 1.25 1.75) (layers B.Cu B.Paste B.Mask) (roundrect_rratio 0.2)
      (net 5 +12V))
    (pad 2 smd roundrect (at 1.4 0) (size 1.25 1.75) (layers B.Cu B.Paste B.Mask) (roundrect_rratio 0.2)
      (net 1 GND))
    (model ${KISYS3DMOD}/Capacitor_SMD.3dshapes/C_1206_3216Metric.wrl
      (at (xyz 0 0 0))
      (scale (xyz 1 1 1))
      (rotate (xyz 0 0 0))
    )
  )

  (module Capacitor_SMD:C_0805_2012Metric (layer B.Cu) (tedit 5B36C52B) (tstamp 5C6ED9A5)
    (at 87.85 99.2 180)
    (descr "Capacitor SMD 0805 (2012 Metric), square (rectangular) end terminal, IPC_7351 nominal, (Body size source: https://docs.google.com/spreadsheets/d/1BsfQQcO9C6DZCsRaXUlFlo91Tg2WpOkGARC1WS5S8t0/edit?usp=sharing), generated with kicad-footprint-generator")
    (tags capacitor)
    (path /5C71FC54)
    (attr smd)
    (fp_text reference C5 (at 0.05 -1.8 180) (layer B.SilkS)
      (effects (font (size 1 1) (thickness 0.15)) (justify mirror))
    )
    (fp_text value C (at 0 -1.65 180) (layer B.Fab)
      (effects (font (size 1 1) (thickness 0.15)) (justify mirror))
    )
    (fp_text user %R (at 0 0 180) (layer B.Fab)
      (effects (font (size 0.5 0.5) (thickness 0.08)) (justify mirror))
    )
    (fp_line (start 1.68 -0.95) (end -1.68 -0.95) (layer B.CrtYd) (width 0.05))
    (fp_line (start 1.68 0.95) (end 1.68 -0.95) (layer B.CrtYd) (width 0.05))
    (fp_line (start -1.68 0.95) (end 1.68 0.95) (layer B.CrtYd) (width 0.05))
    (fp_line (start -1.68 -0.95) (end -1.68 0.95) (layer B.CrtYd) (width 0.05))
    (fp_line (start -0.258578 -0.71) (end 0.258578 -0.71) (layer B.SilkS) (width 0.12))
    (fp_line (start -0.258578 0.71) (end 0.258578 0.71) (layer B.SilkS) (width 0.12))
    (fp_line (start 1 -0.6) (end -1 -0.6) (layer B.Fab) (width 0.1))
    (fp_line (start 1 0.6) (end 1 -0.6) (layer B.Fab) (width 0.1))
    (fp_line (start -1 0.6) (end 1 0.6) (layer B.Fab) (width 0.1))
    (fp_line (start -1 -0.6) (end -1 0.6) (layer B.Fab) (width 0.1))
    (pad 2 smd roundrect (at 0.9375 0 180) (size 0.975 1.4) (layers B.Cu B.Paste B.Mask) (roundrect_rratio 0.25)
      (net 1 GND))
    (pad 1 smd roundrect (at -0.9375 0 180) (size 0.975 1.4) (layers B.Cu B.Paste B.Mask) (roundrect_rratio 0.25)
      (net 2 +5V))
    (model ${KISYS3DMOD}/Capacitor_SMD.3dshapes/C_0805_2012Metric.wrl
      (at (xyz 0 0 0))
      (scale (xyz 1 1 1))
      (rotate (xyz 0 0 0))
    )
  )

  (module Capacitor_SMD:C_1206_3216Metric (layer B.Cu) (tedit 5B301BBE) (tstamp 5C6ED9B6)
    (at 90.7 89.7 180)
    (descr "Capacitor SMD 1206 (3216 Metric), square (rectangular) end terminal, IPC_7351 nominal, (Body size source: http://www.tortai-tech.com/upload/download/2011102023233369053.pdf), generated with kicad-footprint-generator")
    (tags capacitor)
    (path /5C720362)
    (attr smd)
    (fp_text reference C6 (at -3.2 0 180) (layer B.SilkS)
      (effects (font (size 1 1) (thickness 0.15)) (justify mirror))
    )
    (fp_text value C (at 0 -1.82 180) (layer B.Fab)
      (effects (font (size 1 1) (thickness 0.15)) (justify mirror))
    )
    (fp_text user %R (at 0 0 180) (layer B.Fab)
      (effects (font (size 0.8 0.8) (thickness 0.12)) (justify mirror))
    )
    (fp_line (start 2.28 -1.12) (end -2.28 -1.12) (layer B.CrtYd) (width 0.05))
    (fp_line (start 2.28 1.12) (end 2.28 -1.12) (layer B.CrtYd) (width 0.05))
    (fp_line (start -2.28 1.12) (end 2.28 1.12) (layer B.CrtYd) (width 0.05))
    (fp_line (start -2.28 -1.12) (end -2.28 1.12) (layer B.CrtYd) (width 0.05))
    (fp_line (start -0.602064 -0.91) (end 0.602064 -0.91) (layer B.SilkS) (width 0.12))
    (fp_line (start -0.602064 0.91) (end 0.602064 0.91) (layer B.SilkS) (width 0.12))
    (fp_line (start 1.6 -0.8) (end -1.6 -0.8) (layer B.Fab) (width 0.1))
    (fp_line (start 1.6 0.8) (end 1.6 -0.8) (layer B.Fab) (width 0.1))
    (fp_line (start -1.6 0.8) (end 1.6 0.8) (layer B.Fab) (width 0.1))
    (fp_line (start -1.6 -0.8) (end -1.6 0.8) (layer B.Fab) (width 0.1))
    (pad 2 smd roundrect (at 1.4 0 180) (size 1.25 1.75) (layers B.Cu B.Paste B.Mask) (roundrect_rratio 0.2)
      (net 1 GND))
    (pad 1 smd roundrect (at -1.4 0 180) (size 1.25 1.75) (layers B.Cu B.Paste B.Mask) (roundrect_rratio 0.2)
      (net 6 "Net-(C6-Pad1)"))
    (model ${KISYS3DMOD}/Capacitor_SMD.3dshapes/C_1206_3216Metric.wrl
      (at (xyz 0 0 0))
      (scale (xyz 1 1 1))
      (rotate (xyz 0 0 0))
    )
  )

  (module Capacitor_SMD:C_0805_2012Metric (layer B.Cu) (tedit 5B36C52B) (tstamp 5C6ED9C7)
    (at 84.024346 89.8)
    (descr "Capacitor SMD 0805 (2012 Metric), square (rectangular) end terminal, IPC_7351 nominal, (Body size source: https://docs.google.com/spreadsheets/d/1BsfQQcO9C6DZCsRaXUlFlo91Tg2WpOkGARC1WS5S8t0/edit?usp=sharing), generated with kicad-footprint-generator")
    (tags capacitor)
    (path /5C71FCEE)
    (attr smd)
    (fp_text reference C7 (at -0.924346 -1.6) (layer B.SilkS)
      (effects (font (size 1 1) (thickness 0.15)) (justify mirror))
    )
    (fp_text value C (at 0 -1.65) (layer B.Fab)
      (effects (font (size 1 1) (thickness 0.15)) (justify mirror))
    )
    (fp_line (start -1 -0.6) (end -1 0.6) (layer B.Fab) (width 0.1))
    (fp_line (start -1 0.6) (end 1 0.6) (layer B.Fab) (width 0.1))
    (fp_line (start 1 0.6) (end 1 -0.6) (layer B.Fab) (width 0.1))
    (fp_line (start 1 -0.6) (end -1 -0.6) (layer B.Fab) (width 0.1))
    (fp_line (start -0.258578 0.71) (end 0.258578 0.71) (layer B.SilkS) (width 0.12))
    (fp_line (start -0.258578 -0.71) (end 0.258578 -0.71) (layer B.SilkS) (width 0.12))
    (fp_line (start -1.68 -0.95) (end -1.68 0.95) (layer B.CrtYd) (width 0.05))
    (fp_line (start -1.68 0.95) (end 1.68 0.95) (layer B.CrtYd) (width 0.05))
    (fp_line (start 1.68 0.95) (end 1.68 -0.95) (layer B.CrtYd) (width 0.05))
    (fp_line (start 1.68 -0.95) (end -1.68 -0.95) (layer B.CrtYd) (width 0.05))
    (fp_text user %R (at 0 0) (layer B.Fab)
      (effects (font (size 0.5 0.5) (thickness 0.08)) (justify mirror))
    )
    (pad 1 smd roundrect (at -0.9375 0) (size 0.975 1.4) (layers B.Cu B.Paste B.Mask) (roundrect_rratio 0.25)
      (net 7 +3V3))
    (pad 2 smd roundrect (at 0.9375 0) (size 0.975 1.4) (layers B.Cu B.Paste B.Mask) (roundrect_rratio 0.25)
      (net 1 GND))
    (model ${KISYS3DMOD}/Capacitor_SMD.3dshapes/C_0805_2012Metric.wrl
      (at (xyz 0 0 0))
      (scale (xyz 1 1 1))
      (rotate (xyz 0 0 0))
    )
  )

  (module Capacitor_SMD:CP_Elec_6.3x9.9 (layer F.Cu) (tedit 5BCA39D0) (tstamp 5C8A0770)
    (at 88 82.6)
    (descr "SMD capacitor, aluminum electrolytic, Panasonic C10, 6.3x9.9mm")
    (tags "capacitor electrolytic")
    (path /5C722E3C)
    (attr smd)
    (fp_text reference C8 (at 0 -4.35) (layer F.SilkS)
      (effects (font (size 1 1) (thickness 0.15)))
    )
    (fp_text value CP (at 0 4.35) (layer F.Fab)
      (effects (font (size 1 1) (thickness 0.15)))
    )
    (fp_circle (center 0 0) (end 3.15 0) (layer F.Fab) (width 0.1))
    (fp_line (start 3.3 -3.3) (end 3.3 3.3) (layer F.Fab) (width 0.1))
    (fp_line (start -2.3 -3.3) (end 3.3 -3.3) (layer F.Fab) (width 0.1))
    (fp_line (start -2.3 3.3) (end 3.3 3.3) (layer F.Fab) (width 0.1))
    (fp_line (start -3.3 -2.3) (end -3.3 2.3) (layer F.Fab) (width 0.1))
    (fp_line (start -3.3 -2.3) (end -2.3 -3.3) (layer F.Fab) (width 0.1))
    (fp_line (start -3.3 2.3) (end -2.3 3.3) (layer F.Fab) (width 0.1))
    (fp_line (start -2.704838 -1.33) (end -2.074838 -1.33) (layer F.Fab) (width 0.1))
    (fp_line (start -2.389838 -1.645) (end -2.389838 -1.015) (layer F.Fab) (width 0.1))
    (fp_line (start 3.41 3.41) (end 3.41 1.06) (layer F.SilkS) (width 0.12))
    (fp_line (start 3.41 -3.41) (end 3.41 -1.06) (layer F.SilkS) (width 0.12))
    (fp_line (start -2.345563 -3.41) (end 3.41 -3.41) (layer F.SilkS) (width 0.12))
    (fp_line (start -2.345563 3.41) (end 3.41 3.41) (layer F.SilkS) (width 0.12))
    (fp_line (start -3.41 2.345563) (end -3.41 1.06) (layer F.SilkS) (width 0.12))
    (fp_line (start -3.41 -2.345563) (end -3.41 -1.06) (layer F.SilkS) (width 0.12))
    (fp_line (start -3.41 -2.345563) (end -2.345563 -3.41) (layer F.SilkS) (width 0.12))
    (fp_line (start -3.41 2.345563) (end -2.345563 3.41) (layer F.SilkS) (width 0.12))
    (fp_line (start -4.4375 -1.8475) (end -3.65 -1.8475) (layer F.SilkS) (width 0.12))
    (fp_line (start -4.04375 -2.24125) (end -4.04375 -1.45375) (layer F.SilkS) (width 0.12))
    (fp_line (start 3.55 -3.55) (end 3.55 -1.05) (layer F.CrtYd) (width 0.05))
    (fp_line (start 3.55 -1.05) (end 4.8 -1.05) (layer F.CrtYd) (width 0.05))
    (fp_line (start 4.8 -1.05) (end 4.8 1.05) (layer F.CrtYd) (width 0.05))
    (fp_line (start 4.8 1.05) (end 3.55 1.05) (layer F.CrtYd) (width 0.05))
    (fp_line (start 3.55 1.05) (end 3.55 3.55) (layer F.CrtYd) (width 0.05))
    (fp_line (start -2.4 3.55) (end 3.55 3.55) (layer F.CrtYd) (width 0.05))
    (fp_line (start -2.4 -3.55) (end 3.55 -3.55) (layer F.CrtYd) (width 0.05))
    (fp_line (start -3.55 2.4) (end -2.4 3.55) (layer F.CrtYd) (width 0.05))
    (fp_line (start -3.55 -2.4) (end -2.4 -3.55) (layer F.CrtYd) (width 0.05))
    (fp_line (start -3.55 -2.4) (end -3.55 -1.05) (layer F.CrtYd) (width 0.05))
    (fp_line (start -3.55 1.05) (end -3.55 2.4) (layer F.CrtYd) (width 0.05))
    (fp_line (start -3.55 -1.05) (end -4.8 -1.05) (layer F.CrtYd) (width 0.05))
    (fp_line (start -4.8 -1.05) (end -4.8 1.05) (layer F.CrtYd) (width 0.05))
    (fp_line (start -4.8 1.05) (end -3.55 1.05) (layer F.CrtYd) (width 0.05))
    (fp_text user %R (at 0 0) (layer F.Fab)
      (effects (font (size 1 1) (thickness 0.15)))
    )
    (pad 1 smd roundrect (at -2.8 0) (size 3.5 1.6) (layers F.Cu F.Paste F.Mask) (roundrect_rratio 0.15625)
      (net 5 +12V))
    (pad 2 smd roundrect (at 2.8 0) (size 3.5 1.6) (layers F.Cu F.Paste F.Mask) (roundrect_rratio 0.15625)
      (net 1 GND))
    (model ${KISYS3DMOD}/Capacitor_SMD.3dshapes/CP_Elec_6.3x9.9.wrl
      (at (xyz 0 0 0))
      (scale (xyz 1 1 1))
      (rotate (xyz 0 0 0))
    )
  )

  (module Capacitor_SMD:C_0603_1608Metric (layer B.Cu) (tedit 5B301BBE) (tstamp 5C6EDA00)
    (at 92.6 121.4 90)
    (descr "Capacitor SMD 0603 (1608 Metric), square (rectangular) end terminal, IPC_7351 nominal, (Body size source: http://www.tortai-tech.com/upload/download/2011102023233369053.pdf), generated with kicad-footprint-generator")
    (tags capacitor)
    (path /5AFAED5B/5C704683)
    (attr smd)
    (fp_text reference C9 (at 1 -2.2 180) (layer B.SilkS)
      (effects (font (size 1 1) (thickness 0.15)) (justify mirror))
    )
    (fp_text value 14p (at 0 -1.43 90) (layer B.Fab)
      (effects (font (size 1 1) (thickness 0.15)) (justify mirror))
    )
    (fp_text user %R (at 0 0 90) (layer B.Fab)
      (effects (font (size 0.4 0.4) (thickness 0.06)) (justify mirror))
    )
    (fp_line (start 1.48 -0.73) (end -1.48 -0.73) (layer B.CrtYd) (width 0.05))
    (fp_line (start 1.48 0.73) (end 1.48 -0.73) (layer B.CrtYd) (width 0.05))
    (fp_line (start -1.48 0.73) (end 1.48 0.73) (layer B.CrtYd) (width 0.05))
    (fp_line (start -1.48 -0.73) (end -1.48 0.73) (layer B.CrtYd) (width 0.05))
    (fp_line (start -0.162779 -0.51) (end 0.162779 -0.51) (layer B.SilkS) (width 0.12))
    (fp_line (start -0.162779 0.51) (end 0.162779 0.51) (layer B.SilkS) (width 0.12))
    (fp_line (start 0.8 -0.4) (end -0.8 -0.4) (layer B.Fab) (width 0.1))
    (fp_line (start 0.8 0.4) (end 0.8 -0.4) (layer B.Fab) (width 0.1))
    (fp_line (start -0.8 0.4) (end 0.8 0.4) (layer B.Fab) (width 0.1))
    (fp_line (start -0.8 -0.4) (end -0.8 0.4) (layer B.Fab) (width 0.1))
    (pad 2 smd roundrect (at 0.7875 0 90) (size 0.875 0.95) (layers B.Cu B.Paste B.Mask) (roundrect_rratio 0.25)
      (net 1 GND))
    (pad 1 smd roundrect (at -0.7875 0 90) (size 0.875 0.95) (layers B.Cu B.Paste B.Mask) (roundrect_rratio 0.25)
      (net 66 "Net-(C9-Pad1)"))
    (model ${KISYS3DMOD}/Capacitor_SMD.3dshapes/C_0603_1608Metric.wrl
      (at (xyz 0 0 0))
      (scale (xyz 1 1 1))
      (rotate (xyz 0 0 0))
    )
  )

  (module Capacitor_SMD:C_0603_1608Metric (layer B.Cu) (tedit 5B301BBE) (tstamp 5C6EDA11)
    (at 92.6 124.4 270)
    (descr "Capacitor SMD 0603 (1608 Metric), square (rectangular) end terminal, IPC_7351 nominal, (Body size source: http://www.tortai-tech.com/upload/download/2011102023233369053.pdf), generated with kicad-footprint-generator")
    (tags capacitor)
    (path /5AFAED5B/5C70470C)
    (attr smd)
    (fp_text reference C10 (at 1.1 2.3) (layer B.SilkS)
      (effects (font (size 1 1) (thickness 0.15)) (justify mirror))
    )
    (fp_text value 14p (at 0 -1.43 270) (layer B.Fab)
      (effects (font (size 1 1) (thickness 0.15)) (justify mirror))
    )
    (fp_text user %R (at 0 0 270) (layer B.Fab)
      (effects (font (size 0.4 0.4) (thickness 0.06)) (justify mirror))
    )
    (fp_line (start 1.48 -0.73) (end -1.48 -0.73) (layer B.CrtYd) (width 0.05))
    (fp_line (start 1.48 0.73) (end 1.48 -0.73) (layer B.CrtYd) (width 0.05))
    (fp_line (start -1.48 0.73) (end 1.48 0.73) (layer B.CrtYd) (width 0.05))
    (fp_line (start -1.48 -0.73) (end -1.48 0.73) (layer B.CrtYd) (width 0.05))
    (fp_line (start -0.162779 -0.51) (end 0.162779 -0.51) (layer B.SilkS) (width 0.12))
    (fp_line (start -0.162779 0.51) (end 0.162779 0.51) (layer B.SilkS) (width 0.12))
    (fp_line (start 0.8 -0.4) (end -0.8 -0.4) (layer B.Fab) (width 0.1))
    (fp_line (start 0.8 0.4) (end 0.8 -0.4) (layer B.Fab) (width 0.1))
    (fp_line (start -0.8 0.4) (end 0.8 0.4) (layer B.Fab) (width 0.1))
    (fp_line (start -0.8 -0.4) (end -0.8 0.4) (layer B.Fab) (width 0.1))
    (pad 2 smd roundrect (at 0.7875 0 270) (size 0.875 0.95) (layers B.Cu B.Paste B.Mask) (roundrect_rratio 0.25)
      (net 1 GND))
    (pad 1 smd roundrect (at -0.7875 0 270) (size 0.875 0.95) (layers B.Cu B.Paste B.Mask) (roundrect_rratio 0.25)
      (net 67 "Net-(C10-Pad1)"))
    (model ${KISYS3DMOD}/Capacitor_SMD.3dshapes/C_0603_1608Metric.wrl
      (at (xyz 0 0 0))
      (scale (xyz 1 1 1))
      (rotate (xyz 0 0 0))
    )
  )

  (module Capacitor_SMD:C_0603_1608Metric (layer B.Cu) (tedit 5B301BBE) (tstamp 5C81E001)
    (at 86.35 118.45 270)
    (descr "Capacitor SMD 0603 (1608 Metric), square (rectangular) end terminal, IPC_7351 nominal, (Body size source: http://www.tortai-tech.com/upload/download/2011102023233369053.pdf), generated with kicad-footprint-generator")
    (tags capacitor)
    (path /5AFAED5B/5C704F83)
    (attr smd)
    (fp_text reference C11 (at -2.85 -0.05 270) (layer B.SilkS)
      (effects (font (size 1 1) (thickness 0.15)) (justify mirror))
    )
    (fp_text value 1u (at 0 -1.43 270) (layer B.Fab)
      (effects (font (size 1 1) (thickness 0.15)) (justify mirror))
    )
